CoPt_E_rep1	CoPt_E_rep2	CoPt_E_rep3	CoPt_E_rep4	CoPt_H_rep1	CoPt_H_rep2	CoPt_H_rep3	CoPt_H_rep4	Falu_E_rep1	Falu_E_rep3	Falu_E_rep4	Falu_E_rep6	Falu_H_rep1	Falu_H_rep4	Falu_H_rep6	Ftele_E_rep3	Ftele_E_rep5	Ftele_E_rep6	Ftele_H_rep1	Ftele_H_rep3	Ftele_H_rep5	Ftele_H_rep6	Can_E_rep2	Can_E_rep3	Can_E_rep4	Can_E_rep6	Can_H_rep2	Can_H_rep3	Can_H_rep5	Can_H_rep6	Vat_E_rep1	Vat_E_rep3	Vat_E_rep4	Vat_E_rep6	Vat_H_rep1	Vat_H_rep3	Vat_H_rep4	Vat_H_rep6
CoPt_E_rep1	1	0.925116619295301	0.912974630331146	0.920349450508927	0.865937433641579	0.747284851966552	0.816102431418315	0.802800428736925	0.906155257223356	0.925949082654682	0.900732102427236	0.908222375781657	0.765520956890818	0.792079337351755	0.793102363731352	0.892370135968487	0.929920114577295	0.887952130497174	0.805081030613585	0.767521583410693	0.843098311477866	0.769016632083782	0.886152973662688	0.906313008301364	0.89338996732104	0.900103734080821	0.770523105381671	0.77786570726072	0.792827068659926	0.808346551384033	0.90538823403466	0.905379904305249	0.919668895086332	0.912656587000337	0.820402154394705	0.76789098828705	0.804726343097991	0.81900386762051
CoPt_E_rep2	0.925116619295301	1	0.934402673486679	0.942002436785009	0.842118270395795	0.782690959449696	0.846607550140883	0.809424448407314	0.937481771354549	0.924812674890097	0.924116853992739	0.925188625697113	0.784558111645212	0.813200238225802	0.821626794527593	0.919986630409845	0.914674064472396	0.888498807942911	0.819915971078114	0.787858589661529	0.848082377283229	0.794781809026666	0.876136210808621	0.89701126598931	0.893110550723223	0.894782287853837	0.768293538878356	0.77634825031038	0.777747143286056	0.812591893601306	0.884902531494008	0.905754761888077	0.888868975870139	0.924040882999834	0.801362712888767	0.784252089615127	0.800654609795491	0.833242887602834
CoPt_E_rep3	0.912974630331146	0.934402673486679	1	0.931352694402486	0.840095834972285	0.766793261008327	0.89046098300768	0.83097592326209	0.933335805121064	0.930431866988445	0.941087820354037	0.93746534961111	0.792053402063967	0.840736053183287	0.842830803714696	0.916339509920648	0.91196712307292	0.888899223515487	0.832273089867061	0.798071957647276	0.858819849029023	0.804206695682694	0.866380420868933	0.88594362881123	0.886305968576702	0.904545084026956	0.772514022030734	0.782193672350911	0.788699167345327	0.834505098894067	0.879958844886547	0.895217480710586	0.88331082332693	0.932610050381793	0.807508611454718	0.79493039327349	0.811356987850514	0.854019908416403
CoPt_E_rep4	0.920349450508927	0.942002436785009	0.931352694402486	1	0.84953426655187	0.769782389215627	0.852426533558969	0.815924645050862	0.935991996468014	0.929823623355997	0.925863454545035	0.925199006071043	0.791215770456197	0.823512169366845	0.825035791151853	0.931244049584222	0.919637440518139	0.911118053776308	0.828691166969832	0.806139469690803	0.852183529382085	0.806810601863992	0.890846452175918	0.904493835678713	0.909207263108333	0.898940384202444	0.786819201139421	0.788786473304081	0.791536746122376	0.821968704882439	0.891743968212947	0.911353870667127	0.897521275213184	0.916677569402279	0.815196877655313	0.795903341943323	0.809454759372259	0.837057341015908
CoPt_H_rep1	0.865937433641579	0.842118270395795	0.840095834972285	0.84953426655187	1	0.871421723678093	0.90528008040947	0.900843982461556	0.838220082428201	0.85780619696045	0.850036564782347	0.843654590953661	0.876239599311611	0.886674324050687	0.899690937761111	0.840996019996366	0.853339953658725	0.852105509425112	0.894297515678297	0.876382283889681	0.901444526604004	0.884483941816699	0.842884267325967	0.838626339110767	0.845158184003643	0.853501678739201	0.868193508589492	0.874480844747932	0.898780189165489	0.895484794901354	0.831516249908111	0.84304214988529	0.846706557845628	0.833358711966755	0.894071303379053	0.868463785025522	0.905224208586344	0.888520361569605
CoPt_H_rep2	0.747284851966552	0.782690959449696	0.766793261008327	0.769782389215627	0.871421723678093	1	0.866086851139547	0.871513874554216	0.771462449007697	0.783953403604916	0.782631647652875	0.774949251596309	0.887676995004223	0.862395853014552	0.85931131872749	0.785642333705576	0.774526764931785	0.811115509751039	0.88423722250406	0.871694471448622	0.855125278740324	0.876791907193239	0.799118923212773	0.779070819403157	0.799857080453082	0.788438539777098	0.862538161968965	0.874796659730099	0.864189389640848	0.851192300088947	0.754387025020672	0.790869485771037	0.77414041587919	0.760534267350212	0.854534409301047	0.880032911398867	0.872668289654157	0.85427840747164
CoPt_H_rep3	0.816102431418315	0.846607550140883	0.89046098300768	0.852426533558969	0.90528008040947	0.866086851139547	1	0.914761100892682	0.854475763361783	0.855750316276557	0.876136082729801	0.860915252887812	0.881406157043513	0.925957421618436	0.934431145755495	0.851968640912927	0.833517597735816	0.841830437629528	0.90091226596267	0.887946036113831	0.898398760098044	0.901179703975444	0.813645377663213	0.814830966729442	0.824938185997833	0.84822415856233	0.849954477630189	0.858920976867859	0.871729890455777	0.909842900362613	0.804075289356926	0.823441781571851	0.806080265722798	0.842199406121991	0.863395827932902	0.87439936862609	0.887011604350955	0.909142775111757
CoPt_H_rep4	0.802800428736925	0.809424448407314	0.83097592326209	0.815924645050862	0.900843982461556	0.871513874554216	0.914761100892682	1	0.813354823092873	0.826070044568955	0.836911068146385	0.827828968261944	0.886429082124543	0.908268385624035	0.909367380153717	0.819005756006992	0.821037478445791	0.839539602917843	0.900040564802313	0.886344742157914	0.885725367976799	0.894932725215877	0.824069748460875	0.815755934162401	0.827870636127105	0.842933117443146	0.871934757223823	0.886848205111079	0.883883404750382	0.907349662753872	0.796724307490659	0.823289794472476	0.814889436716151	0.818643242965359	0.873330461558477	0.873200636548889	0.88376797337227	0.902056014807468
Falu_E_rep1	0.906155257223356	0.937481771354549	0.933335805121064	0.935991996468014	0.838220082428201	0.771462449007697	0.854475763361783	0.813354823092873	1	0.92745392666226	0.927875591701972	0.925145376215639	0.821806051920882	0.825913607201503	0.832756974082192	0.926865773688495	0.909714096414009	0.894438355853663	0.829631333951473	0.799356724861275	0.85625926946325	0.807143495197477	0.863727766986199	0.880685598512394	0.888301622694738	0.881674087559439	0.770185065647361	0.778528980325727	0.780261597895729	0.814215792741612	0.872608907125246	0.898740222284	0.877457896462776	0.916276076437889	0.799263493572077	0.795313141111283	0.802594022710674	0.83655360143919
Falu_E_rep3	0.925949082654682	0.924812674890097	0.930431866988445	0.929823623355997	0.85780619696045	0.783953403604916	0.855750316276557	0.826070044568955	0.92745392666226	1	0.923231465519334	0.923874709532128	0.801364137357464	0.833617903786137	0.829890955866939	0.920065956420235	0.933465533139156	0.906797582531538	0.839979903107879	0.807874096803322	0.873879013835001	0.810362975448193	0.88360519374257	0.894961570184698	0.902833104146882	0.896553523152635	0.790456971012255	0.799153103147168	0.81172084781437	0.827215934735395	0.901609487955376	0.909190616634565	0.91090567604227	0.915270568097223	0.838319467010618	0.804793866432698	0.83152527596456	0.847354451592105
Falu_E_rep4	0.900732102427236	0.924116853992739	0.941087820354037	0.925863454545035	0.850036564782347	0.782631647652875	0.876136082729801	0.836911068146385	0.927875591701972	0.923231465519334	1	0.93862976146799	0.803828157211115	0.87130674316164	0.851033990614204	0.920692854972279	0.903582346485781	0.891888571132279	0.834159018951115	0.80885241345349	0.862368982794173	0.815716378151055	0.864510540599381	0.877748577848403	0.888541009792249	0.90249822401932	0.7791055588297	0.787301688972562	0.798213514370352	0.841062549092859	0.87392297213006	0.892313108414438	0.877886486198413	0.923229486306587	0.81098151420725	0.803032350336888	0.817217921924613	0.853531657230051
Falu_E_rep6	0.908222375781657	0.925188625697113	0.93746534961111	0.925199006071043	0.843654590953661	0.774949251596309	0.860915252887812	0.827828968261944	0.925145376215639	0.923874709532128	0.93862976146799	1	0.793232597811554	0.836590394899178	0.85749841830716	0.917183476686982	0.907134236544205	0.894575338546762	0.829064341418505	0.797764075817276	0.853493148708062	0.801751210355972	0.87479462766222	0.888432316642713	0.893434237347185	0.903881856391026	0.781044532792314	0.787926463273583	0.792043697755156	0.831689871725303	0.880706990596732	0.898179565075089	0.887406901129235	0.927244977364429	0.811413073599752	0.795819322877002	0.809704656388283	0.848257158042439
Falu_H_rep1	0.765520956890818	0.784558111645212	0.792053402063967	0.791215770456197	0.876239599311611	0.887676995004223	0.881406157043513	0.886429082124543	0.821806051920882	0.801364137357464	0.803828157211115	0.793232597811554	1	0.885175084386517	0.881789110704972	0.804113737144422	0.79150813772351	0.820652512710291	0.895793810369347	0.887848764402934	0.882375898386689	0.895959388858509	0.796815959257152	0.78180382712237	0.802110459921133	0.795405480431268	0.863349022718531	0.874295465551137	0.874491134605938	0.865084513932384	0.760813272242775	0.796556706202259	0.77716788257201	0.779186917776623	0.853586050340642	0.887341638843822	0.864342985832401	0.868748102520147
Falu_H_rep4	0.792079337351755	0.813200238225802	0.840736053183287	0.823512169366845	0.886674324050687	0.862395853014552	0.925957421618436	0.908268385624035	0.825913607201503	0.833617903786137	0.87130674316164	0.836590394899178	0.885175084386517	1	0.918754688277881	0.831550433041627	0.817982692821968	0.8311506437409	0.892754202455066	0.897415620190029	0.886963664423982	0.899814082658202	0.805535547294634	0.798379341225118	0.817062450779201	0.83205869074324	0.857688782550595	0.864426685327006	0.874344828384793	0.898781688403221	0.786964988263442	0.809800913542939	0.794105192224043	0.817473672820838	0.867027635372373	0.872219539578162	0.87994409789426	0.903634293967218
Falu_H_rep6	0.793102363731352	0.821626794527593	0.842830803714696	0.825035791151853	0.899690937761111	0.85931131872749	0.934431145755495	0.909367380153717	0.832756974082192	0.829890955866939	0.851033990614204	0.85749841830716	0.881789110704972	0.918754688277881	1	0.829855190769575	0.807310845964345	0.816048053872247	0.893181959124256	0.884775844081732	0.89037955856859	0.901448562806421	0.788491043526865	0.784374563694322	0.801034297947544	0.820816802506557	0.843874764977579	0.852452319092787	0.864495314348314	0.895090074264652	0.776916981154842	0.796260427278686	0.78000025044186	0.818213584899446	0.851083393767926	0.86661467074442	0.876216377522889	0.900006387174126
Ftele_E_rep3	0.892370135968487	0.919986630409845	0.916339509920648	0.931244049584222	0.840996019996366	0.785642333705576	0.851968640912927	0.819005756006992	0.926865773688495	0.920065956420235	0.920692854972279	0.917183476686982	0.804113737144422	0.831550433041627	0.829855190769575	1	0.903592244127966	0.910938903923535	0.839220156780962	0.841871206815844	0.861013635625672	0.821193891958975	0.87598175676206	0.882736475157092	0.899975941371223	0.881183287843185	0.790718052339054	0.796632791751377	0.790837685397338	0.819186155771279	0.870776228805714	0.90173988693227	0.880836186848962	0.901132536722545	0.810197510392604	0.80743716478341	0.813348822417689	0.837133755872398
Ftele_E_rep5	0.929920114577295	0.914674064472396	0.91196712307292	0.919637440518139	0.853339953658725	0.774526764931785	0.833517597735816	0.821037478445791	0.909714096414009	0.933465533139156	0.903582346485781	0.907134236544205	0.79150813772351	0.817982692821968	0.807310845964345	0.903592244127966	1	0.907554210065324	0.828348030238043	0.795650286181096	0.877600845954385	0.792463635907491	0.899228684981215	0.907258178786087	0.908876232849771	0.902517696509375	0.797714504614085	0.80248508910159	0.813427823928227	0.820777808903073	0.905756180859289	0.915746163815436	0.923335836342342	0.908441380103807	0.84486388696545	0.793108261713743	0.825708924185785	0.834457800589795
Ftele_E_rep6	0.887952130497174	0.888498807942911	0.888899223515487	0.911118053776308	0.852105509425112	0.811115509751039	0.841830437629528	0.839539602917843	0.894438355853663	0.906797582531538	0.891888571132279	0.894575338546762	0.820652512710291	0.8311506437409	0.816048053872247	0.910938903923535	0.907554210065324	1	0.850483378988677	0.831057548491853	0.85067007948005	0.845532920174177	0.913093028611951	0.912164286340651	0.925358765905617	0.897354046205059	0.832162314270154	0.841813983609636	0.824035533487697	0.83750055762898	0.881913650970613	0.921050973694542	0.90933319765815	0.884889544716167	0.850112958559577	0.819073937357751	0.83212077019658	0.841607719898272
Ftele_H_rep1	0.805081030613585	0.819915971078114	0.832273089867061	0.828691166969832	0.894297515678297	0.88423722250406	0.90091226596267	0.900040564802313	0.829631333951473	0.839979903107879	0.834159018951115	0.829064341418505	0.895793810369347	0.892754202455066	0.893181959124256	0.839220156780962	0.828348030238043	0.850483378988677	1	0.892949982335144	0.908676581189856	0.904614189517297	0.833030090774927	0.824125886192321	0.837153431189643	0.834107342558281	0.875828584157524	0.896715171976797	0.875457691386556	0.883429125025393	0.799685795456882	0.83648079324654	0.814671049722401	0.814935707812147	0.870118228603926	0.898003850557629	0.883964936684434	0.896609351169655
Ftele_H_rep3	0.767521583410693	0.787858589661529	0.798071957647276	0.806139469690803	0.876382283889681	0.871694471448622	0.887946036113831	0.886344742157914	0.799356724861275	0.807874096803322	0.80885241345349	0.797764075817276	0.887848764402934	0.897415620190029	0.884775844081732	0.841871206815844	0.795650286181096	0.831057548491853	0.892949982335144	1	0.877100508010653	0.90807137557959	0.8037666577857	0.791566219874664	0.811311684290034	0.800985270322517	0.872416291166795	0.879130985667292	0.869847447615222	0.869580013050116	0.770162586252151	0.803375945373449	0.784665792546465	0.780946587611246	0.867668511486254	0.882325328906822	0.877811915876544	0.877693829815873
Ftele_H_rep5	0.843098311477866	0.848082377283229	0.858819849029023	0.852183529382085	0.901444526604004	0.855125278740324	0.898398760098044	0.885725367976799	0.85625926946325	0.873879013835001	0.862368982794173	0.853493148708062	0.882375898386689	0.886963664423982	0.89037955856859	0.861013635625672	0.877600845954385	0.85067007948005	0.908676581189856	0.877100508010653	1	0.887658801167998	0.823627748746295	0.821464056737897	0.836953299914649	0.837629215609765	0.847050737995988	0.862480016738793	0.872571452819854	0.87120854534612	0.823418520122731	0.837380656143333	0.834699164762143	0.840610522835426	0.865922707752126	0.885504218333652	0.88103773220409	0.894621721457763
Ftele_H_rep6	0.769016632083782	0.794781809026666	0.804206695682694	0.806810601863992	0.884483941816699	0.876791907193239	0.901179703975444	0.894932725215877	0.807143495197477	0.810362975448193	0.815716378151055	0.801751210355972	0.895959388858509	0.899814082658202	0.901448562806421	0.821193891958975	0.792463635907491	0.845532920174177	0.904614189517297	0.90807137557959	0.887658801167998	1	0.788874583334429	0.781164023021775	0.803694115973709	0.797017686642234	0.864020983307247	0.882510947407734	0.865901432046028	0.875463653796124	0.765065131143013	0.795810020683018	0.775297089068355	0.784905430052508	0.854890120254063	0.900284601253911	0.872716844285537	0.889108602947699
Can_E_rep2	0.886152973662688	0.876136210808621	0.866380420868933	0.890846452175918	0.842884267325967	0.799118923212773	0.813645377663213	0.824069748460875	0.863727766986199	0.88360519374257	0.864510540599381	0.87479462766222	0.796815959257152	0.805535547294634	0.788491043526865	0.87598175676206	0.899228684981215	0.913093028611951	0.833030090774927	0.8037666577857	0.823627748746295	0.788874583334429	1	0.932305541374612	0.928156106180037	0.917672729656216	0.871790509475151	0.844210453830943	0.82686303797129	0.836883671894969	0.886200218538062	0.925911185488087	0.919910912712972	0.882436685057843	0.855590224806662	0.801613769009298	0.833679195898497	0.831542522400506
Can_E_rep3	0.906313008301364	0.89701126598931	0.88594362881123	0.904493835678713	0.838626339110767	0.779070819403157	0.814830966729442	0.815755934162401	0.880685598512394	0.894961570184698	0.877748577848403	0.888432316642713	0.78180382712237	0.798379341225118	0.784374563694322	0.882736475157092	0.907258178786087	0.912164286340651	0.824125886192321	0.791566219874664	0.821464056737897	0.781164023021775	0.932305541374612	1	0.927804865519755	0.922693527834047	0.822963041008365	0.853469150008775	0.813516787884619	0.833354773910223	0.898808478503732	0.932294333957398	0.923260204473816	0.898261733369839	0.843252488443781	0.793966168790809	0.822089589196613	0.829758851395458
Can_E_rep4	0.89338996732104	0.893110550723223	0.886305968576702	0.909207263108333	0.845158184003643	0.799857080453082	0.824938185997833	0.827870636127105	0.888301622694738	0.902833104146882	0.888541009792249	0.893434237347185	0.802110459921133	0.817062450779201	0.801034297947544	0.899975941371223	0.908876232849771	0.925358765905617	0.837153431189643	0.811311684290034	0.836953299914649	0.803694115973709	0.928156106180037	0.927804865519755	1	0.911125589661215	0.832123516009121	0.836973502781267	0.824555123822586	0.834754685163192	0.891096587056575	0.928336511986479	0.920595513959506	0.893071025012399	0.849373965971354	0.805920773665292	0.830698454583308	0.838797978191159
Can_E_rep6	0.900103734080821	0.894782287853837	0.904545084026956	0.898940384202444	0.853501678739201	0.788438539777098	0.84822415856233	0.842933117443146	0.881674087559439	0.896553523152635	0.90249822401932	0.903881856391026	0.795405480431268	0.83205869074324	0.820816802506557	0.881183287843185	0.902517696509375	0.897354046205059	0.834107342558281	0.800985270322517	0.837629215609765	0.797017686642234	0.917672729656216	0.922693527834047	0.911125589661215	1	0.823267751996316	0.826743520945027	0.823825257743175	0.886085084132467	0.890635532593653	0.9142809615589	0.909348187326095	0.91487106086457	0.846637224703737	0.800536570167782	0.83919932650803	0.856198414816398
Can_H_rep2	0.770523105381671	0.768293538878356	0.772514022030734	0.786819201139421	0.868193508589492	0.862538161968965	0.849954477630189	0.871934757223823	0.770185065647361	0.790456971012255	0.7791055588297	0.781044532792314	0.863349022718531	0.857688782550595	0.843874764977579	0.790718052339054	0.797714504614085	0.832162314270154	0.875828584157524	0.872416291166795	0.847050737995988	0.864020983307247	0.871790509475151	0.822963041008365	0.832123516009121	0.823267751996316	1	0.900190229641241	0.879939391535906	0.872392020636594	0.780677985899636	0.821591230761139	0.810679759719715	0.774169180069023	0.874267955848688	0.863772327921389	0.868832260097598	0.860160575882787
Can_H_rep3	0.77786570726072	0.77634825031038	0.782193672350911	0.788786473304081	0.874480844747932	0.874796659730099	0.858920976867859	0.886848205111079	0.778528980325727	0.799153103147168	0.787301688972562	0.787926463273583	0.874295465551137	0.864426685327006	0.852452319092787	0.796632791751377	0.80248508910159	0.841813983609636	0.896715171976797	0.879130985667292	0.862480016738793	0.882510947407734	0.844210453830943	0.853469150008775	0.836973502781267	0.826743520945027	0.900190229641241	1	0.882376422891733	0.875162251270976	0.7895577864461	0.829475139443814	0.816031929582273	0.780421840667891	0.879041192285111	0.881450736044593	0.873799756291346	0.871924580864506
Can_H_rep5	0.792827068659926	0.777747143286056	0.788699167345327	0.791536746122376	0.898780189165489	0.864189389640848	0.871729890455777	0.883883404750382	0.780261597895729	0.81172084781437	0.798213514370352	0.792043697755156	0.874491134605938	0.874344828384793	0.864495314348314	0.790837685397338	0.813427823928227	0.824035533487697	0.875457691386556	0.869847447615222	0.872571452819854	0.865901432046028	0.82686303797129	0.813516787884619	0.824555123822586	0.823825257743175	0.879939391535906	0.882376422891733	1	0.884274545766165	0.796995022136022	0.810935100359486	0.819253104788749	0.7848720666348	0.892284810302023	0.863442525771354	0.896230781888535	0.869154106616885
Can_H_rep6	0.808346551384033	0.812591893601306	0.834505098894067	0.821968704882439	0.895484794901354	0.851192300088947	0.909842900362613	0.907349662753872	0.814215792741612	0.827215934735395	0.841062549092859	0.831689871725303	0.865084513932384	0.898781688403221	0.895090074264652	0.819186155771279	0.820777808903073	0.83750055762898	0.883429125025393	0.869580013050116	0.87120854534612	0.875463653796124	0.836883671894969	0.833354773910223	0.834754685163192	0.886085084132467	0.872392020636594	0.875162251270976	0.884274545766165	1	0.805879656233043	0.829848843027398	0.81999362148118	0.828139464312791	0.873018544044248	0.862571611941293	0.88771503179787	0.898276673692011
Vat_E_rep1	0.90538823403466	0.884902531494008	0.879958844886547	0.891743968212947	0.831516249908111	0.754387025020672	0.804075289356926	0.796724307490659	0.872608907125246	0.901609487955376	0.87392297213006	0.880706990596732	0.760813272242775	0.786964988263442	0.776916981154842	0.870776228805714	0.905756180859289	0.881913650970613	0.799685795456882	0.770162586252151	0.823418520122731	0.765065131143013	0.886200218538062	0.898808478503732	0.891096587056575	0.890635532593653	0.780677985899636	0.7895577864461	0.796995022136022	0.805879656233043	1	0.898012645850123	0.914173768659886	0.888933490131309	0.855549762022212	0.768695605182268	0.814679759731858	0.813540285591398
Vat_E_rep3	0.905379904305249	0.905754761888077	0.895217480710586	0.911353870667127	0.84304214988529	0.790869485771037	0.823441781571851	0.823289794472476	0.898740222284	0.909190616634565	0.892313108414438	0.898179565075089	0.796556706202259	0.809800913542939	0.796260427278686	0.90173988693227	0.915746163815436	0.921050973694542	0.83648079324654	0.803375945373449	0.837380656143333	0.795810020683018	0.925911185488087	0.932294333957398	0.928336511986479	0.9142809615589	0.821591230761139	0.829475139443814	0.810935100359486	0.829848843027398	0.898012645850123	1	0.924486467630045	0.904830543147003	0.842881556744028	0.825375557896493	0.827798386545988	0.834770748520246
Vat_E_rep4	0.919668895086332	0.888868975870139	0.88331082332693	0.897521275213184	0.846706557845628	0.77414041587919	0.806080265722798	0.814889436716151	0.877457896462776	0.91090567604227	0.877886486198413	0.887406901129235	0.77716788257201	0.794105192224043	0.78000025044186	0.880836186848962	0.923335836342342	0.90933319765815	0.814671049722401	0.784665792546465	0.834699164762143	0.775297089068355	0.919910912712972	0.923260204473816	0.920595513959506	0.909348187326095	0.810679759719715	0.816031929582273	0.819253104788749	0.81999362148118	0.914173768659886	0.924486467630045	1	0.897009081758046	0.856048814823706	0.786115683867841	0.85695829360334	0.823458526135719
Vat_E_rep6	0.912656587000337	0.924040882999834	0.932610050381793	0.916677569402279	0.833358711966755	0.760534267350212	0.842199406121991	0.818643242965359	0.916276076437889	0.915270568097223	0.923229486306587	0.927244977364429	0.779186917776623	0.817473672820838	0.818213584899446	0.901132536722545	0.908441380103807	0.884889544716167	0.814935707812147	0.780946587611246	0.840610522835426	0.784905430052508	0.882436685057843	0.898261733369839	0.893071025012399	0.91487106086457	0.774169180069023	0.780421840667891	0.7848720666348	0.828139464312791	0.888933490131309	0.904830543147003	0.897009081758046	1	0.8107594061493	0.781553485774	0.808899772849514	0.870904340477611
Vat_H_rep1	0.820402154394705	0.801362712888767	0.807508611454718	0.815196877655313	0.894071303379053	0.854534409301047	0.863395827932902	0.873330461558477	0.799263493572077	0.838319467010618	0.81098151420725	0.811413073599752	0.853586050340642	0.867027635372373	0.851083393767926	0.810197510392604	0.84486388696545	0.850112958559577	0.870118228603926	0.867668511486254	0.865922707752126	0.854890120254063	0.855590224806662	0.843252488443781	0.849373965971354	0.846637224703737	0.874267955848688	0.879041192285111	0.892284810302023	0.873018544044248	0.855549762022212	0.842881556744028	0.856048814823706	0.8107594061493	1	0.850472529272075	0.90209107473538	0.871065534150874
Vat_H_rep3	0.76789098828705	0.784252089615127	0.79493039327349	0.795903341943323	0.868463785025522	0.880032911398867	0.87439936862609	0.873200636548889	0.795313141111283	0.804793866432698	0.803032350336888	0.795819322877002	0.887341638843822	0.872219539578162	0.86661467074442	0.80743716478341	0.793108261713743	0.819073937357751	0.898003850557629	0.882325328906822	0.885504218333652	0.900284601253911	0.801613769009298	0.793966168790809	0.805920773665292	0.800536570167782	0.863772327921389	0.881450736044593	0.863442525771354	0.862571611941293	0.768695605182268	0.825375557896493	0.786115683867841	0.781553485774	0.850472529272075	1	0.870513149389973	0.879924478943737
Vat_H_rep4	0.804726343097991	0.800654609795491	0.811356987850514	0.809454759372259	0.905224208586344	0.872668289654157	0.887011604350955	0.88376797337227	0.802594022710674	0.83152527596456	0.817217921924613	0.809704656388283	0.864342985832401	0.87994409789426	0.876216377522889	0.813348822417689	0.825708924185785	0.83212077019658	0.883964936684434	0.877811915876544	0.88103773220409	0.872716844285537	0.833679195898497	0.822089589196613	0.830698454583308	0.83919932650803	0.868832260097598	0.873799756291346	0.896230781888535	0.88771503179787	0.814679759731858	0.827798386545988	0.85695829360334	0.808899772849514	0.90209107473538	0.870513149389973	1	0.881917421419408
Vat_H_rep6	0.81900386762051	0.833242887602834	0.854019908416403	0.837057341015908	0.888520361569605	0.85427840747164	0.909142775111757	0.902056014807468	0.83655360143919	0.847354451592105	0.853531657230051	0.848257158042439	0.868748102520147	0.903634293967218	0.900006387174126	0.837133755872398	0.834457800589795	0.841607719898272	0.896609351169655	0.877693829815873	0.894621721457763	0.889108602947699	0.831542522400506	0.829758851395458	0.838797978191159	0.856198414816398	0.860160575882787	0.871924580864506	0.869154106616885	0.898276673692011	0.813540285591398	0.834770748520246	0.823458526135719	0.870904340477611	0.871065534150874	0.879924478943737	0.881917421419408	1
