PC1	PC2	PC3	PC4	PC5	PC6	PC7	PC8	PC9	PC10	PC11	PC12	PC13	PC14	PC15	PC16	PC17	PC18	PC19	PC20	PC21	PC22	PC23	PC24	PC25	PC26	PC27	PC28	PC29	PC30	PC31	PC32	PC33	PC34	PC35	PC36	PC37	PC38
CoPt_E_rep1	-0.196942620973516	0.0222351637451444	-0.115663297007078	0.23154774436545	-0.0190541662208987	0.092981673222778	-0.295939327323528	0.0220533369315937	-0.167620410782546	-0.102666356693982	0.181624278943593	-0.0649505777704694	-0.0597756345393351	-0.0853874786627427	-0.098083597523259	0.265917592962555	-0.0579827459703369	-0.101020634580808	-0.0375334932039784	-0.124390468147988	0.240621255169846	0.0675443930373015	-0.0649763054206176	-0.14487932641623	-0.0870218806700924	-0.0330232423692626	0.237545041668497	0.0593324531370705	0.233583287740783	-0.133103088762222	-0.03084862216283	-0.130983045410213	-0.109542144990617	-0.0756909717808598	0.36842139006801	-0.359288418853371	0.208869403540618	0.162221421130766
CoPt_E_rep2	-0.194900711705772	-0.144230738083959	0.0842516669701558	0.0434017422057725	-0.0926733055195002	0.229324554375771	-0.0114573445311708	-0.013141723174864	-0.093264180787977	-0.212402886567505	0.138878107638696	-0.0171891078178501	0.004376781842061	0.0787799201677667	-0.0809330112752147	0.0311673144109005	-0.170447457375362	0.122086564348876	0.00201655954704186	0.0404461790888651	-0.14696643549513	0.221916927368617	0.366965740261877	0.114686687489651	-0.084987903041683	0.0844805670070028	0.0859263612934631	-0.123681959689519	0.270111420372054	0.0250714455032813	-0.114460245848623	-0.0876770123788245	0.0852214951690606	-0.394210350392587	-0.404964668563809	0.181922251523058	0.0430548180931688	0.162221421130763
CoPt_E_rep3	-0.174399749757011	-0.224474008087004	-0.0568672882753384	-0.0825575883871277	-0.0168274754997702	-0.00391967047202224	-0.0049993321208639	0.0172288547360024	0.0408753219936544	-0.0350974407781685	-0.0776162140499471	0.118270558326467	0.0718496564506725	0.0579373872605106	0.0798311432555486	-0.0412970951075586	-0.224718779964623	0.311640048967451	0.082541390005442	0.0735651919320555	0.271415952991583	-0.0366228798001436	-0.281306751476531	0.0768073428390365	-0.136584689263442	0.100234628393309	0.102590905200763	0.00283289198295278	0.0499857576277825	0.0174045083441004	-0.069868792108043	-0.00273701509540317	-0.0174668492754445	-0.0572311502591068	0.103388205750328	-0.0582120598446428	-0.676926960596943	0.162221421130758
CoPt_E_rep4	-0.175761325466807	-0.0953327271120138	0.123587278592513	0.0238318159949933	0.127812039594163	0.0353857604216403	-0.0463296207213106	-0.089188363481067	-0.0943033884039282	-0.0786497654784424	0.157945342943668	0.0580264468571699	-0.0176232720986457	-0.0162696850210255	-0.0116956575254203	-0.0741413001832388	-0.116160469695441	0.152504160478846	-0.11706790361662	-0.00338947624427965	-0.259340829471811	0.140080097138764	0.109564460491707	0.0444140294613479	-0.132803888303137	-0.503672477263475	-0.00607194709021401	-0.166068338765212	-0.354686824859595	0.404809071675761	0.107783697758415	-0.012377983726547	0.0175314638649034	0.156755321830822	0.242962226578315	-0.0681922616309093	-0.017451964989308	0.162221421130763
CoPt_H_rep1	0.103824779461764	-0.00480359710608336	-0.20155180691486	0.234567532472055	0.00741602733462772	0.210875060450725	-0.228453581338177	-0.135846030066802	-0.330735950628709	-0.125194273393672	0.222002674473275	-0.0444883455110517	-0.05213788066065	-0.136092917372095	-0.0237149150801395	0.0563609904002058	0.0773187255569752	-0.166647451553	-0.286421959399298	-0.151658001297438	-0.0469291991803379	-0.283510946617034	-0.274041041627834	0.0704306168536043	0.0747025733906102	0.091168981578498	-0.157038334830998	0.00833418086780928	-0.190891178420359	0.034199939043466	-0.0218909097446129	0.095248632042502	0.0726180573149519	0.00438276953161967	-0.188502541251997	0.288211995161532	-0.199155290866039	0.162221421130764
CoPt_H_rep2	0.217992568395121	0.0530262071729805	0.20637713757141	0.0761911936373594	-0.277689774907679	0.593731543170112	0.355793996943894	0.106087868628371	-0.0790602430828348	-0.186436486195304	-0.263408339664687	-0.033556915404742	-0.0429674239490823	0.0534303770181394	-0.316054110358955	-0.0172449227754216	-0.0170750063369945	-0.040936600183434	0.102183513461213	0.0538542472387121	0.0158460200083447	-0.0309488727637673	-0.0321779995486731	-0.0710589380431457	0.0721949579927167	-0.0274994436128687	0.0377804037461637	0.00891359571574619	-0.0461839329472614	-0.0148308087296149	0.00619484702779157	0.0449314929978551	-0.0457675725099507	0.167344522723881	0.144666412833233	-0.0552400580759358	-0.0500778827432114	0.162221421130761
CoPt_H_rep3	0.123141685319233	-0.247568379421647	-0.144321862385833	-0.0952838646576019	0.0975735399229214	0.0632006828732578	0.0232190205144487	0.0187788759890337	-0.0837357199519496	-0.064791891777256	-0.0808209111458251	0.171362615250211	0.00653523365879957	0.0325723730463298	0.124902104337361	-0.0913202060702943	-0.233695949902386	0.370338326856804	-0.0377140283880881	0.120687869636744	0.0400934098768838	0.00565084688910673	-0.409618683567316	0.063294145038108	0.135641652526066	0.046399649054987	0.0246569561430465	0.0556609893184254	0.0745384644327645	0.0391375910088416	0.0299129932692447	0.0498614991366784	0.0591222848768696	0.0667218473599761	-0.0269884847601722	0.100006766218706	0.588367859660367	0.162221421130762
CoPt_H_rep4	0.173212538670955	-0.0514809457416421	-0.139173050418739	-0.127346103077936	0.10146622108852	0.0388531276930052	-0.156182971791938	0.289919898583092	-0.130580251339706	0.0278431981579967	-0.185807890198798	-0.187717057605097	-0.0997428728308589	-0.111671923818046	0.0574402600134831	0.331420372687028	0.348346657263624	0.452890272535409	0.133890865570216	0.0155926659482009	-0.0766592806465887	-0.230809645162958	0.264690630078746	0.0991623520695684	-0.184931573834134	-0.0790288545024412	-0.119621185326845	-0.0163909667103408	-0.0376635392080867	-0.128983040384376	0.00735300314725811	-0.052666931150207	0.0279992308106012	0.00990586913693528	0.0380729562360378	0.00304724352981955	-0.0114325021349746	0.162221421130763
Falu_E_rep1	-0.17852552107654	-0.203636298558578	0.166509023477056	0.0485408150591026	-0.0302463505834084	0.114804516741289	-0.0426145178826752	-0.00132014795154459	0.171800843896021	0.0937790720092905	0.213922598021158	-0.0560287319713438	0.00900095356850304	0.0864577602974684	0.255308690403965	-0.0951234188672782	-0.0907685832442035	0.0371653131167629	-0.0495396879976152	0.0272253214764749	-0.158224363025734	-0.162733668095974	0.217618581830307	-0.0681803552947981	0.0656321574399457	0.131958457039273	0.0201565280260837	0.0862372878521226	-0.175790512306044	-0.399366456057521	-0.307472404962948	0.296023530472502	-0.303365019019193	0.192179032808617	0.153872110027621	0.101340796984428	0.0630407749045057	0.162221421130762
Falu_E_rep3	-0.159538812348274	-0.0756335489559957	0.0144016950922119	0.199695324654138	0.0412487878727973	-0.0526107180490292	-0.0347421031611232	-0.0181416817961156	0.0461226868684059	0.0238532691694963	-0.163306106292045	0.0561887069074024	0.018839114861089	-0.00394409782934657	-0.00976366952713143	-0.056870534996931	-0.102038552233648	0.0326564905831722	0.0630777550823678	0.0577868426071415	0.150639990743591	-0.16146467202498	0.0843971102519612	-0.679805037000221	-0.010520721127193	-0.0134946751588792	-0.483557254463209	-0.222647708361442	0.0630664853928679	0.0311741428208685	0.119788327968597	-0.0828027183222349	0.00861819198752053	-0.0115073777771949	-0.09341402093421	0.0591545864418143	0.033179851827381	0.162221421130763
Falu_E_rep4	-0.152530703488563	-0.228216604195995	-0.0253435145070366	-0.100128422656223	0.070463133925604	0.0465304252157498	0.103034916112325	-0.0140274206239241	0.098484211981697	0.111453395494578	-0.156016508192038	0.171519096225792	0.128135371178599	-0.0524271926045843	-0.0912111731720194	0.136331895322113	-0.0620317783990058	-0.224168819650898	-0.0333386745537995	-0.286079313522708	-0.000196829518223224	-0.245493353798281	0.0365050999014963	0.192968586217966	-0.16925929778158	0.0431648205592891	-0.0483997115707138	-0.0627045033685645	-0.0748286199906868	0.0334127033984405	-0.00802116811867157	0.18940842628602	0.0859321743830708	0.10935012576849	-0.368637174181183	-0.514855051638358	0.110130933963356	0.162221421130762
Falu_E_rep6	-0.177731149020392	-0.178210378509578	-0.0297270687895001	-0.105264562906382	-0.022809323712879	0.0587585783085917	0.0437274390878426	-0.0327491442043151	0.0608386176581888	-0.0703479930956232	-0.0638557380284115	0.128190886906333	0.193869674678769	-0.13107413816807	0.11737593718458	-0.0782652947589908	0.377707574546898	-0.314769980900313	0.133859762774704	0.156706600916004	0.213152747508044	-0.000924384073304349	0.00296487683876327	0.00298365356406561	-0.139815613702868	-0.0934139861594236	0.188656817082858	-0.155020547445631	-0.0859050527196024	-0.112387605991158	-0.0321003240384773	0.0770459443207105	0.439141287313661	-0.0873388771506275	0.211609341648148	0.292669590389982	0.110150913815929	0.162221421130764
Falu_H_rep1	0.219713053924081	-0.0516964941812086	0.236087174197568	0.096026297550294	-0.0290168948664211	0.264282505233494	-0.128044360330122	0.262392116304575	0.433817949712878	0.34364134430541	0.27030739659537	-0.193327511860329	-0.123298506667238	0.101036509449779	0.271649092844406	0.0571063024878134	0.00130505978086442	-0.0852193494385103	-0.0125441222814222	-0.0175964165010944	0.0482602597952265	0.0157507625943449	-0.193325796617093	0.0132642313575214	-0.0135167278730472	-0.0798899789874192	-0.0219677977352191	-0.0231932767308409	0.0858162240136211	0.168731745885165	0.106043739483854	-0.142026477235832	0.212234754862833	-0.0795352970242173	-0.0759164975613968	-0.0497615623575147	-0.0186545154177519	0.162221421130763
Falu_H_rep4	0.168522643397087	-0.180637209176434	-0.0929958877358888	-0.112498810761502	0.266118400627491	-0.0482288770091157	0.108757369873431	0.0882336493771677	0.178049102905788	0.0870715993079369	-0.215206895082121	0.125959934527843	0.108360230683183	-0.0456487832052231	-0.109185974004357	0.349268582041627	-0.237156652073216	-0.202070419132806	-0.226975913700539	-0.306420054451708	-0.134562326672068	0.12366640459325	0.0994620907750963	-0.0483096800016719	0.174870235327498	-0.0502987228294214	0.060042717145438	0.025363443085356	0.0879736784802828	-0.0481808781111157	0.0428934381120539	-0.122270846419232	-0.0983489703723125	-0.0712378523042683	0.220772936735967	0.350247209808529	-0.104447677913336	0.162221421130762
Falu_H_rep6	0.159986641205896	-0.270018943224143	-0.135191574834725	-0.0706441409069522	0.119153018552929	0.0911024367473538	-0.0343206489052845	0.00512028424657662	-0.0617908894342847	-0.162430333655284	0.00587681318712777	0.0758754355814976	0.101809680557077	-0.15309735143362	0.263787765971703	-0.0734858161898072	0.339870172877196	-0.2028831981343	0.0237975396706425	0.250495818199443	-0.0995365196587934	0.357880911960159	0.0103956187591942	-0.0981469469220784	0.211689809326551	0.00902789710445257	-0.0860059587450122	0.0968671150832566	0.0825909510960561	0.0961426134391128	-0.00235954430503796	-0.0905394309846522	-0.338686472805615	0.0585848473953568	-0.15118475303827	-0.264271052811234	-0.137602744112132	0.162221421130762
Ftele_E_rep3	-0.146074467893108	-0.12953664661701	0.26402269777245	0.017054512557038	0.183618021899744	-0.0943252758595583	0.13926440420896	-0.251279386703161	-0.0849000680666808	0.00125291071288243	0.0666764698094608	-0.0363255232240572	0.0249524069254577	0.224082871544701	-0.105152023144779	-0.0640530680754831	0.240994091041128	0.0150415602495288	0.0472798054165258	-0.0205633597888721	-0.119700068274431	-0.336348504120269	0.000108744333897196	0.0221279083030858	0.0795276894894691	-0.0827448316568262	-0.00602356457884509	0.520312478851017	0.347307393982362	0.0976893903353214	0.0912779231961365	-0.183802231927147	0.090714029579661	0.0537829702379875	0.0549854578153839	0.0372015439102074	-0.0282091913615369	0.162221421130763
Ftele_E_rep5	-0.154357369830924	0.0499799774836129	-0.0083068682092099	0.24042908613155	0.0631066189663947	-0.0733709955470364	-0.223917013564056	0.038072324531527	0.0972072849002865	0.0632560930793049	-0.2859104910627	-0.0270927127112905	-0.108389692350843	0.0584057874873778	-0.148463378001576	0.135670330249926	-0.101839916744795	-0.0243094409607452	0.0538591764386304	0.291501154397905	-0.0095981014743651	0.204833353949455	0.0459668455443285	-0.00202883872209414	0.196296345286702	0.0784864137296874	0.0813959576306913	0.437750121209096	-0.452762948990064	-0.0527879363856361	0.0529575727973425	0.012113374878531	0.224429448158955	-0.0856120684176653	-0.142092321288322	-0.0481819050590873	-0.0103629318225223	0.162221421130764
Ftele_E_rep6	-0.0902343484986322	0.121023021424059	0.249937557798913	-0.0445977260861954	0.241794179903381	-0.0598898853246672	0.0476273698972034	0.118740392496304	-0.185365504284978	0.193697026073733	-0.151238088986817	-0.138087282382399	-0.0983719963135813	-0.302615385979816	-0.0252611928491941	-0.268608675737892	-0.0560127519620342	-0.061209091055929	0.0121191670700416	0.055401837564763	0.125407784641445	-0.222446458234109	-0.0852420668096023	0.0997506796060905	0.281671940725407	-0.226651404635974	0.218174165077713	-0.213652491533728	-0.0622715737027104	-0.110646736011612	-0.128739946874949	-0.190418572336421	-0.226429303968629	-0.248971265800987	-0.14489576813085	-0.0164732988743004	0.0140272607256411	0.162221421130763
Ftele_H_rep1	0.15042466029654	-0.0361164247834916	0.131396333680681	0.0196244584013766	-0.192250366391193	-0.136145367514179	-0.1581856922874	0.0643368633420129	-0.0988244327839508	-0.0748830853347207	-0.232101109407403	0.0401046270733153	-0.0547400333250033	0.27086851114616	0.14294258807095	-0.346461575225516	0.192594513302141	0.103512529769379	-0.320612237457565	-0.469669025277822	0.298269491537987	0.173242641844735	0.168599906122379	-0.0534102360921398	-0.0181092899397742	-0.0184586994106624	0.123182862499286	0.0780872860456914	-0.0866428504871995	-0.0191197807425483	0.0486250314782071	-0.0131723923551784	0.000708352015119332	0.0168908425195839	-0.0733975091416513	0.00215552877603926	0.0168388385793234	0.162221421130763
Ftele_H_rep3	0.206631965559814	-0.0371132695362903	0.213039108151476	0.0324441973962585	0.331146065847368	-0.207634036870526	0.211965437346601	-0.186844770971926	-0.0485023493707823	-0.078932738556229	0.235309850373988	-0.161462823689823	0.00771229021561387	0.353273250583624	-0.195638726266121	0.287189013623307	0.161649554940297	0.0575154626744079	0.0708389565516953	0.0449646043232404	0.245729009042974	0.185278274613838	-0.127107128186796	-0.0374029587006198	-0.00784974987902996	0.0873193419629165	0.0102345068557891	-0.274894360242535	-0.186099027890357	-0.095522979312293	-0.0712769168303851	0.144892218772311	-0.0588613580350469	-0.0295387370505462	-0.0856398719971089	-0.0292434823276415	0.021535632159803	0.162221421130763
Ftele_H_rep5	0.0848891448826173	-0.129237906298458	0.0168848565576702	0.307368224169627	-0.179489316043411	-0.234353044898372	-0.31412172243835	-0.100985496405494	0.0950746182585675	0.0454162498532599	-0.29862115100502	0.0099236159129679	-0.100642130931006	0.208891154136086	-0.151809234617226	-0.0848052892212957	0.055302710097965	-0.153137012077939	0.101764752059545	0.153500540776695	-0.253831803835747	-0.0326081257984091	-0.0986896830420458	0.337446786014996	-0.0282815461894368	0.0296075069618933	-0.0558469393953369	-0.351417977730419	0.228809531008694	-0.00489552539478184	-0.00793178458023979	0.0123557779849903	-0.132524173132317	0.0926255328542193	0.128454245814256	0.0385048173848739	0.00946368822372034	0.162221421130761
Ftele_H_rep6	0.216334073355735	-0.111981526199683	0.21573807621664	0.0229391698705235	0.12135365065471	-0.200067658392104	0.0241666901762049	0.121738806555489	-0.247763833000876	0.00228418819916898	0.12928075115405	-0.0917976253788836	-0.157705225744951	-0.37383201630703	-0.0256465837972425	-0.203179224281947	-0.278050523148182	-0.139223828922894	0.230395985707709	-0.058342082785026	0.0860793145442233	0.17809904315405	0.167695386259171	0.126737286862061	-0.150946919321935	0.263355184793435	-0.19308440717277	0.118466750455108	0.0907976760263408	-0.0132035436453222	0.101082715517802	0.120286371537972	0.200623137142404	0.179223421769087	0.132008026944809	0.0151010839908229	-0.0306930190286075	0.162221421130763
Can_E_rep2	-0.104585446840914	0.312572765513343	0.0711306422320122	-0.204181932928356	0.0680221014420042	0.0997578376527702	-0.0787758767311936	-0.153009383911155	0.151220234064779	-0.120242153235839	-0.0907333064617401	-0.00111687714708861	-0.124545045556612	-0.0532404527419164	0.0505790880994041	-0.000222165855987427	0.0307352338809678	0.0298026741439385	-0.0880913917640692	-0.033758702332552	0.0443179338929661	0.143741328716308	-0.0828416995853765	0.151101489676247	0.0979869721194513	-0.232253746687658	-0.368014205245747	0.0787146684794609	0.213128925697486	-0.149178296453339	0.149191821432804	0.503104816588202	-0.0158440945862551	-0.286251814626938	0.101082160693551	-0.0549970668988236	-0.0303978932599643	0.162221421130764
Can_E_rep3	-0.156219574512807	0.239686855368746	0.0252648831640048	-0.178469866619385	-0.0857996584062313	-0.0154207913876883	-0.061199462356942	0.111842829955785	-0.163002046940206	-0.00141904419707808	0.116368826106267	0.0159019828100159	0.262488479897568	0.160863552372656	0.0621879621043608	0.0680788098349768	-0.117012085749849	-0.0346956098340934	-0.0391460603078167	0.0637728285628809	-0.0505727348845614	0.121985270303388	-0.0486055751573093	0.103745672911126	0.137944807536422	-0.118143893785353	-0.0809320030133932	-0.123261193705251	0.0638045339843706	-0.444144381480341	0.270393553532187	-0.272615034116497	0.152271430236527	0.428219421782729	-0.157658175588621	0.00191199361028171	-0.0765966055715794	0.162221421130763
Can_E_rep4	-0.122664711068459	0.197097766681701	0.13368731568345	-0.112228212151502	0.10767262593752	0.0335020993400562	0.053512225163775	0.0111208516195019	-0.0281083386245845	0.141638809562576	-0.145839424310692	-0.116139890815192	0.083135770861578	-0.0938608424592372	-0.0584530705086126	-0.11557475746065	0.141751528224289	0.0348351939348445	-0.263216351410694	0.0150229623899027	-0.390984014071509	0.178035299930893	-0.305126875197579	-0.191039982669254	-0.482736768935174	0.348642413116446	0.0575827034646705	0.0121734870755584	-0.0288062237004418	-0.057839397767811	0.0201975399304517	-0.076484016484454	-0.0526185347739596	-0.0818608442198815	0.0343782486779339	-0.0071487152261021	0.0367320870714263	0.162221421130762
Can_E_rep6	-0.128392451756713	0.103611137345779	-0.206298247651553	-0.304246054149951	-0.061256885171551	0.0574977561900292	0.0118238632802954	0.0249427261236251	-0.0473622644976713	0.204238579517639	0.0364095270240138	0.0412540686360641	-0.24362895936932	0.19576204098382	-0.144539575386554	-0.0354008285450857	-0.00106190719831063	-0.176032282934747	0.0478149727411505	0.0224761398467826	0.208612159452242	0.126482651312445	-0.0104342859603184	0.128218575831693	-0.14429233165989	-0.0468289037751716	-0.347733175774637	0.126531157016934	-0.060623591484847	0.146344395392939	-0.480231944234638	-0.253695663178127	-0.114228226081623	0.0931027128248325	0.0258484486892518	0.127514721898051	0.0905790929654323	0.162221421130761
Can_H_rep2	0.185023724476383	0.271405786786744	0.0836943194498063	-0.215685947708239	0.130634745579096	0.0511328958713494	-0.248236662132169	-0.353847715112931	0.359265198141082	-0.410582529916815	-0.0163365340739511	0.139843770944823	-0.165679123141697	-0.12940261542752	0.0765112001661507	-0.0122697836982362	-0.0919937423598118	0.00866965639840213	0.182074339951698	-0.0701831984402703	-0.00924800363506638	-0.164627161249956	0.0657853432093753	-0.0598434324501581	-0.0569883848626849	0.141018717658704	0.164042341651103	-0.0465257070550199	-0.0804992081365049	0.0174034604889884	-0.0609498092711971	-0.259937541312688	0.00160421839232497	0.145565724660783	-0.0680803430101395	0.000455853656670026	0.0164440510643623	0.162221421130762
Can_H_rep3	0.18645624111	0.230743407407793	0.119805749374354	-0.148701476267211	-0.0942193019910325	-0.136643842412148	-0.187880467177126	0.265225572115251	-0.202878510964545	-0.11741115688704	0.0137956514145391	0.0475400835478147	0.478650228818411	0.241342806827385	0.130126809802188	0.0612239439899277	-0.174329423981423	-0.182752574085655	0.18555565278692	0.0683968407396463	-0.0804689705497334	-0.210077767155883	0.00662807768953558	-0.0700123358133832	-0.0396826551231979	0.017709742961187	-0.00396301408939433	0.10040692492755	-0.0701434075242376	0.257706759407523	-0.0994244437096994	0.146584152686635	-0.0916952476238566	-0.246754939967399	0.0744610027784477	-0.0191682475693348	0.0473093170859409	0.162221421130764
Can_H_rep5	0.174231723227848	0.146919587193693	-0.199881675102285	0.15376855205071	0.0577751873306846	0.132443887600575	-0.120169813015309	-0.197578302963546	0.165567320608329	0.341465495858556	0.151863277533551	0.0491719511690765	0.507512524692375	-0.15979244771322	-0.343329142926987	-0.260450556026367	0.0852488654635942	0.258450733250197	0.120345596181911	-0.0864292828720196	0.0882801683353341	0.0994832581401863	0.136242310415041	0.055026063267349	0.0625162545868288	-0.00374858631417335	-0.00494292384436382	0.0362213742720679	0.0266193534418143	0.00476392929542595	-0.0533359924836149	0.0236284350585051	-0.0209900770949353	0.0116078836608852	0.012907299378744	-0.00147741794808964	0.0070200821877289	0.162221421130763
Can_H_rep6	0.121851914381387	-0.0103724855008038	-0.3153708231748	-0.310616757933151	0.00144119921172751	0.0309806743967531	-0.050622397582583	-0.0334920943578132	-0.146359029747779	0.275085612723199	0.163985031241011	0.128136300349142	-0.353647190408544	0.231796503022632	-0.151878841606482	-0.170107945718209	-0.0342842711672607	-0.0903307767029517	0.0747798670065865	0.105805379819773	-0.144286938571937	-0.101211682648935	0.130151324115138	-0.257308061172026	0.0456001623490926	0.029219280283691	0.302987350733275	-0.0806791461822962	0.036125846007998	-0.038425570033928	0.279677456811314	0.207583584951213	0.0468930980838054	-0.0771721601597769	-0.00255089186030059	-0.068283896717393	-0.0919105061132872	0.162221421130763
Vat_E_rep1	-0.174698858575959	0.16242224512734	-0.170503507271921	0.242530619307227	0.0571693283620426	-0.145865900443604	0.232207024756297	0.41779658337643	0.145990798829118	-0.210531183758602	0.194442413784177	0.278534876489667	-0.13994779314948	0.0301827701367768	-0.0391457826554688	-0.130187645501213	0.183298008707553	0.0671606085637754	0.312434945498495	-0.328174823132428	-0.23228890354584	0.0416699158665509	-0.157094403949885	0.0118712928015003	0.130730027047672	0.0402957022248068	-0.0261344829687097	-0.015669284316343	-0.0575966793543746	-0.0410504365835305	-0.0387837222478565	-0.0141650840856544	0.00903740855785103	-0.0723775071584456	0.00478901958431067	0.00224051382877096	-0.0152536571991463	0.162221421130763
Vat_E_rep3	-0.157980723379762	0.16473561775358	0.124678165784499	-0.0863779628102419	-0.154185254746596	-0.0615791315961556	0.0720519519724135	-0.0293459670814726	-0.0576122070042376	0.131470485440807	0.0236898876812487	0.126851333852771	-0.0341075073567316	-0.103259519009727	0.0738965329791286	0.181084344185814	0.141736600805672	0.147327599183875	-0.241581694942573	0.0634777265688294	0.0116355357110698	-0.0278645396592779	0.150206512964548	0.0453024958359671	0.448665823273791	0.434515036371711	-0.0179577441904651	-0.216238659842108	0.0519415081882021	0.323395792903932	-0.0948811249625382	0.00797116695063084	0.185378537707123	0.0637554595989068	0.205940897326056	-0.116146132362601	-0.00724705040391727	0.162221421130761
Vat_E_rep4	-0.152176460366574	0.242262135404885	-0.0913903652251205	0.149600065831605	0.00206820711778561	-0.0263500107793514	0.0872599622735856	-0.062625392289284	-0.0604970970270122	0.140657749695235	-0.15798889184174	-0.163669664940599	-0.0345985887901544	-0.0731361458375352	0.235407196403718	0.190762456535236	-0.00488466737499109	-0.00409823425620438	0.202823687044518	-0.0841880922727138	0.0677560417538736	0.121547750749017	-0.0210783605991555	-0.0987113254890809	-0.0759395569600053	-0.111000768577893	0.304153840759536	0.0355937208999742	0.21905721348213	0.276476774100455	-0.0435444024072346	0.298749031654501	-0.126179393263363	0.363371005081739	-0.244802079687432	0.249101535504799	-0.0113011715041411	0.162221421130763
Vat_E_rep6	-0.206813413880206	-0.105974065711554	-0.133699282576999	-0.151327973381596	-0.264098561628241	-0.0855199298910469	0.104667768867363	-0.00485823793891238	0.184571912229512	-0.103687040930636	0.0989309577939856	-0.361217696745797	0.0576338289391482	-0.0730788775020385	-0.0853666355604457	-0.00843318268644082	0.0183439246593262	-0.035078656351673	0.0637133317281579	-0.0321744256928695	0.160145571402936	-0.0823153092783437	0.0158336073479632	0.15962882338967	0.0132666476159793	0.182459179431679	-0.0278725171675152	0.0258103329592162	-0.194020754009705	0.146235643721745	0.505045077624561	-0.0829888675264177	-0.356930345500148	-0.078913337570436	0.0210600385284807	0.141259462007816	0.122572729251334	0.162221421130764
Vat_H_rep1	0.116689689331543	0.223617493669922	-0.221172524339592	0.246608360400309	0.174256455184678	-0.102350404173037	0.268519539336527	0.189171876882919	0.169539564746519	-0.15866884167709	0.0622676080473446	0.0765668928517581	-0.0103654467451542	0.0399672689595635	0.0345685173382859	-0.111758520408913	-0.0671451638173794	-0.0521677701989913	-0.448767772057658	0.392560506047716	0.178026154398823	-0.183440600994995	0.224229412374645	0.137660554745363	-0.222241543924784	-0.0287761845701302	0.0495638179432838	0.0395841680680706	0.112478950454348	0.0190483166216484	0.0341920210513143	0.0101938437647155	-0.0322889558101399	0.0660657910097158	-0.00471327116656084	-0.0359289285559562	0.0012303414687295	0.162221421130761
Vat_H_rep3	0.172205940019693	-0.0124601179809635	0.220577411440271	0.0281898433322256	-0.473476520942126	-0.254802578930864	0.108870444259489	-0.113751781527883	-0.00999436580868471	0.153482745676777	0.164490965863352	0.438433764142089	-0.0874246953052927	-0.277585429525988	-0.0441999260503367	0.250930106888966	0.054375738391655	0.0783303974772801	-0.0463915687084382	0.109041551223677	0.00742173645690709	0.00217045693952745	-0.074191100729099	-0.0555855231563269	-0.154477548954698	-0.197864366319742	0.020074167257974	0.136071942546026	-0.0462208617148167	-0.122885648778637	0.0274661570698131	-0.0313689133879908	-0.154108874212199	-0.0969771547545288	-0.133198195295309	0.0642472850098065	0.0159354436318584	0.162221421130763
Vat_H_rep4	0.129853357710915	0.0945662710943354	-0.244926221138644	0.195360553027977	-0.104599847249889	0.00315082653462731	0.355565948206959	-0.394097322713452	-0.142348687551895	0.12964428855749	-0.108240507567327	-0.136323284964797	0.00422232655044831	0.0884402532837615	0.451174902252333	0.00440607370017249	-0.146422566083684	-0.0195554553921898	0.140109639394123	-0.105946718065928	-0.120962822799451	0.00968699932992947	0.0652355343429332	0.0850090044175965	-0.0214300361287663	-0.00724236722405946	-0.0813776126237811	-0.0174943637368806	-0.127224545317567	-0.129770740032442	-0.00381066687853288	-0.202401636943829	0.110122566887508	-0.245854227632547	0.140923129860457	-0.159511309445909	0.00616697328885919	0.162221421130762
Vat_H_rep6	0.0935420757143234	-0.107173124191127	-0.168686227648017	-0.159562705026043	-0.273616552475363	-0.309218722489419	0.0741575431137206	0.0133266514804074	0.166184103291	-0.196856911266045	0.0449796777413775	-0.467165318421401	0.040254464854828	-0.138673797105748	-0.168163569390043	-0.0676563219278205	-0.0654659647572138	0.0303795938151452	-0.138334401899161	-0.00331936847972587	-0.167352391952975	-0.00529801695525153	-0.103389456432876	-0.205915300610376	0.133480571442349	-0.205028386392125	0.0477973356475358	0.020274115567616	0.0811241313345024	-0.0228253727287807	-0.330144151439031	0.0651491142930703	0.265674445710849	0.0476008314918579	-0.0539669885120106	-0.129913913438799	-0.0449285284711105	0.162221421130763
